,time,average
18144837916,4 4 2 4 4 4 4 2 2 4 3,7.2
2088002229333330,5 5 5 5 5 5 5 5 5 5 5 5 5 5,5.0
2088002517056734,18 24 18 24 25 24 14 24 18 18 24 16 10 21 24 24 24,15.5
2088002669387764,43 44 20,
2088002981723677,5 5 5 5 5 5 5 5 5 5 43 33 5 43 5 5 5 5 5 5 5 40,10.4285714286
2088012013075357,22 7 7 7 7 7 7 12 7 7 7 33,15.4285714286
2088012057427031,40 39 40 40 40 54,49.5
2088012105686148,14 14 14 14 14 14 14 14 14 13 2 71 13 2 13 13 13,26.5
2088012617452190,22 22 25 35 25 35 35 37 4 8,29.875
2088012628079333,25 25 25 25 25 25 25 25 26 26 26 26 26 26,
2088012777490274,49,
2088022011953762,17 14 14 14 14 14 14 14 14 14 48 14 14 14 14 14 14 14 14 14 14 14 14,14.0
2088022041059975,44 13 13 13 8 34 14 14 11 11 14,18.4
2088022094709111,34,20.4666666667
2088022430803202,18 18 18 18 18 18 18 18 11 11 11,18.0
2088022543862035,27 27 10 10 10 10 10 10 10 10 10 10 10 10 10,10.0
2088022821223965,16 16 42 42 14 14 19 61 39,27.1428571429
2088022964817502,13 13 13 13 13 13 13 13 13 13 13 13 13 13 13 13,13.0
2088102043398466,57 26,25.0
2088102076652818,22 21 22 22 32 22 3 3 32 32 22 22 32 21 22 32 12 22 3,22.9
2088102337050175,31 4 1 23 23 25,16.0
2088102546914062,62 17 30 42,18.0
2088102692865326,9 9 9 9 4 9 9 9 4 9 9 4 6 14 14 14,11.5
2088102824087280,43 47 42 73 23,58.5
2088112157507441,73 25 25 25 25 25 25 25 25 25 25 25 25 25 25 25 25,
2088112207072291,24 37 24 24 24 24 24 24 24 36 36,32.5714285714
2088112353318360,23 27 27 27 27,
2088112450128330,28 25 35 25 28 25 25 26 26 26 26 26 34,28.0
2088112627564253,50,
2088112643467567,0.0,0.0
2088112718359166,0.0,0.0
2088112920140943,2 2 2 2 2 2 2 2 2 2 2 2 2 2 2 13 2 2 2 2 2 2 2 2 9 9,2.63636363636
2088122102730802,5 5 69 5 5 5 5 5 5 29 5 5 5 5 5 5,5.0
2088122171473466,19 19 19 19 19 19 19 19 19 19 19 19 19 19 19 19 19 19 19 19 19 19 19 19 19 19 19 19 19 19 19 19 19 19 19,19.0
2088122399371861,22 34 34 34 34 41 17 40 34 34 9 3 27,32.0
2088122545715925,5 5 5 5 5 5 5 5 5 5 5 5 5 5 5 5 5 5 5 5 5 5 5 5 5,5.0
2088122757550833,17 17 16 52 32 41 17 22 11 32 30 35,27.0
2088122824985263,40,
2088122882700996,22 22 22 22 22 22 22 22 22 22 22 15 6 22 22,17.3333333333
2088122984688099,44 26 88 5 5 88 26 5 5 26 5 5 5 5,20.75
2088122985513099,14 25,
2088202448520379,25 20 16 6 17 6 6 6 6 4 6 4,9.25
2088202459257422,9 25 9 25 9 18 9 9 9 9 9 18 9 9 11,9.0
2088202494821381,5 5 5 5 5 5 5 13 17 13 15 15 8,5.0
2088202906609855,12 2 12 12 5 2 2 14,12.0
2088212179050823,22 22 17 22 22 22 34 22 11 11 29,21.8
2088212656468815,24 33 33 33 3 33 33 3 3 3 33 33 24 33 3 33 33 33 33 33 3 33 21 33,30.1666666667
2088212777644640,27 16 16 16 16 16 27 16 16 16 16 16 16 16 16 16 16 16 16,16.0
2088222845966123,53 53 53 17 53 17 53 17 47 53 47 47 47,39.0
2088302341057184,10,
2088302502735371,18,
2088312216346350,16 14 16 16 16 16 16 16 16 16 16 16 16 16 16,16.0
2088312276248791,53 53 53 53 53 18 18 16 16 16 16 16 16 11,26.0
2088312678479357,12,39.0
2088312724278411,22 22 22 22 22 22 22 21 21 21 21 21 21 2,21.5
2088402588422126,25,
2088402753340057,32,
2088402795844610,11 11 20 20 6 6 6 6 5 21 22 21,20.3333333333
2088412040472930,11 16 5 5 48 48 43 5 5 28 40 40 40,11.6666666667
2088412374938580,14,
2088412694198563,7 7 7 7 6 6 27 6 6 6 6 6,6.42857142857
2088412857343083,35 27 40 5 47 5 27 40 5 40 49 48,43.1428571429
2088422586670013,2 2 2 2 2 2 2 2 2 2 2 2 2 2 2 2,
2088422703454575,14 14 14 14 14 14 14 14 14 14 14 14 14 14 14,14.0
2088422722047855,15 46 32 33 50 24 17 46 32 17 26,22.8
2088502041992543,20 33 32 43 22 40 41 22 39 22 22 27 27 19 27 41,32.0
2088502133626383,33 33 33 33 33 33 33 33,33.0
2088502613305106,71 37 39 38 32 28,33.4
2088502678989554,5 5 5 5 5 5 5 5 5 5 5 5 50 5 5 5,16.25
2088502789206887,4 8,
2088502877496600,21 21 21 21 21 21 21 21 21 21 21 21 21 21 21 21 21 21 21 21 21 21 17 21 21 21 21 21 17 21,23.8
2088502897989812,2 35 2 1 2 2 2 32 2 2 2 2 2 1,9.88888888889
2088502988403713,55,37.0
2088512017877422,27 27 27 27 27 27 27 27 27 27 27 27 27 27 28,27.0
2088512817968672,5 5 5 34 34 5 5 32 49 49 62 5,16.8
2088602053415246,16 16 16 14 39 16 16 16 16 16 16 16 16 16 16 16 16 16 16 16 16 16 16 16 17 17,26.1111111111
2088602147489441,0.0,0.0
2088602280473125,8,
2088602316987884,37 7 27 7 23 9 27 31 11 5 16 6 6 6,18.2
2088612046843145,35,35.0
2088612240761010,17 17 17 17 17 17 17 17 17 17 17 17 32 17 53 38,26.3333333333
2088612343243530,39 27 27 27 27 37 27 27 27 27 6 21 21 21 21 21,36.0
2088612509467004,10 10 10 10 10 10 10 10 10 10 10 10 10 10 10 10 10,10.0
2088612612705606,12 12 12 12 12 12 12 12 12 12 12 12 12,15.4
2088612872554934,31 14 14 14 31 31 40 14 14 14 14 14 14,18.5
2088612882844135,47 37 72 47 47 2 6 13 32,25.0
2088702062036611,0.0,0.0
2088702157963570,16 16 16 16 16 16 16 16 16 16 16 16,18.5
2088702180165873,3 3 3 3 3 3 3 3 3 3 3 3 3 3 3 3 3 3 3 3 3 3,4.1
2088702206844551,49 49 39 37 49 45 37 39 39 40 31,37.4
2088702220441464,23 23 23 23 23 23 23 23 23 23 23 23 23 23 23 23 23 23 35 23 23 23 23,25.8
2088702223017406,35 35 35 35 35 35 35 35 35 7 35 35 35 35 35 35 35 16 11,24.8
2088702297950430,35 35 28 35 35 35 34 4 34 34 34 34 34 34,33.5
2088702364092663,14 14 14 14 14 14 14 14,14.5555555556
2088702398843758,16 54 54 16 54 17 16 2 12 16 54 26 16,16.0
2088702617707689,23,17.6666666667
2088702707621714,8 8 8 8 8 8 8 44 48 8 8 8 35 8 32,8.0
2088702708479561,24,
2088702758536601,17 4,
2088702793892548,7 7 16 7 7 7 7 7 7 7 7 7 7 7 32 16 6 6,6.57142857143
2088702872968241,22 33 29 17 17 13 37 34 31 31 29 29 33 37 34 26 21 18,29.8888888889
2088702895791639,12 12 12 4 12 4 5 12 2 12 14 12 4 12,7.5
2088702952923441,24 67 67 67 67 67 67,44.4444444444
2088702985887026,22 15 22 24 12 25 22 13 9 21 21 21 12,20.5
2088712283845565,13 9 9 9 17 2 12 12 12 12 12 12,12.4444444444
2088712339159561,48 48 55 51 51,43.3333333333
2088712729549954,1 1 1 1 1 1 1 1 1 1 1 1 1,1.0
2088712778592044,35 35 35 35 35 35 35 35 35 35 38 38 38 38 38 38 38 38 38 38,35.75
2088712962812695,18 18 18 18 18 40 18 18 18 18 18 18 18 18 18 18 18 18 18 18 18,18.0
2088802083729225,30 8 8 8 8 8 8 8 8 8 8 8,15.4
2088802102529647,71 46 46 68 68 28 35 46 35 3 35 35,47.4285714286
2088802218894053,13 13 33 13 13 13 17 13 55 22 24 28 21 12 12 12 12 12 12,19.0
2088802276465149,9 3 3 5 5 3 3 3 3 9 3 3 3 3,5.25
2088802438291580,20 14 14 20 20 20 20 14 20 20 20 20 22 22 22 22 22 22 37 22 22 22 37 52,21.9090909091
2088802482018816,27 27 25,25.4
2088802507375100,5 5 5 5 5 5 5 5,5.0
2088802550258722,21,
2088802566723625,5 5 5 5 33 5 5,9.66666666667
2088802575357642,5 5 45 20 36 36 10 2 32 32 32 25 2 25 14,21.0
2088802620290490,35 21 8 21 21 22 18 23 23 14 23 4 18 11 4 57 7 8 4 4,26.0
2088802634851780,0.0,0.0
2088802699656830,20,25.0
2088802862075503,19 1 19 19 19 3 17 1 1 35 14 14 18 14 14 18 14 14 14 14 14 18,19.2
2088802991652165,0.0,0.0
2088812238048518,26 26 26 26 26 26 26 26 26 26 26 26 26 26,34.5
2088812305690808,85 13 13 15 85 13 85 13 17 13 17 17,19.0
2088812504611952,16 16 21 5 5 5 5 5 5 5 5 21 5 5 5 5 5 5,9.5
2088812522232643,42 42 42 42 42,31.1666666667
2088812635418510,36 7 25 29 25,29.0
2088812759296917,82 19 27,21.0
2088812866964770,17 17 17 17 17 17 17 17 17 17 17 17 17 17 17 17,16.0
2088812881463605,17 17 17 17 17 17 17 17 17 17 17 17 17 17 17 17 17 17 17 17,16.5
2088902052017787,16 21 12 12 27 88 88 88 88 88 88 88,54.5
2088902218525099,21 21 21 21 21 21 21 21 46 5,18.7142857143
2088902256282891,6,6.0
2088902272484491,23 17 23 15 34 2 17 2 17 2 23 23 23 23,12.2
2088902277230624,38,27.5
2088902308311331,14 8 14 2 18 2 8 14 2 14 2 14 14 14,11.8571428571
2088902316029262,14 14 22 14 14 14 14 14 14 14,14.0
2088902335481375,25 44 25 25 25 25 25 25 25 14 25 25 25 25 25 44 25 25 25 30 30 2 30 30 2 2 30 30 30,26.75
2088902351230140,9 9 9 9 16 9 9 9 9 9 9 9 9 9 9 9 9 9 9 9 9 9 9 9 9 9 16 16 16 16 16 16,10.5555555556
2088902367806384,5 5 5 5 5 5 5 5 5 5 5 5 5 5 5 5 5 5,5.0
2088902450120821,5 5 5 40 5 45 5 5 5 5 5,28.4
2088902677029051,20 14 14 14 18 29 20 35 35 35 35 13 17,16.0
2088902686438079,17 17 17 4 33 29 17 17 19 19 19 19 17,23.0
2088902780704467,39 39 39 39 46 38 46 38 57 38 38 38 59,34.0
2088902848620254,14 27 13 27 13 13 13 13 13 13 13 13 13 13 13 13,13.0
2088902925944781,21,
2088902975486705,9 40 9 47 47 47 47 33 47 18 27 41 47 47 47 25 43 38,42.5
2088902981391682,0.0,0.0
2088912283404616,0.0,0.0
2088912373162138,1 1 1 1 1 1 1 1 1 1 1 1 1 1 1 1 1 1 1 1 8 1 3 1 1 1 1 1 1 1 1 1 1 1 1 1 1 1 1 1 1 1 1 1 26,1.0
2088912423747889,37 37 37 42 42 28 42 35 13 22 7 7 7 7 7 36 7 7 7,22.75
2088912585219770,27 27 27 27 27 27 27 28 28 28 28 28 28 28 28,27.5
2088912947911957,8,
2088912987559250,23 25 37 38 25 26 26 26,29.5384615385
okSLPw460s2_eUAXPHTduhwjS8i0,7 7 7 6 7 6 7 6 7 6 7 6 7 6,6.33333333333
ort1Ds-7Jjco0TJv1EgcGK0q2Yx8,5 5 5 5 5 5 5 5 5 5 5 9 5 5 5 5 5 5 5 5 5 5 8,5.0
ort1Ds-AkNB-P5c7VJ2khIC4w6lU,1 20 20 3 3 3 3 3 3 3 3 3 3 3 3,11.5
ort1Ds-CtjP2oET4UwdcApuN58Zc,26 39 34 5 35 35 35 35 35 35 67 35 35 35 35 35 35 38 35 55 38 38 12 16 38 38 19,32.75
ort1Ds-EY85OgA1-3_0KytjIWKYI,19 19 19 19 19 19 19 19 19 19 19 19 19 19 19 19 19 19 19 19 19 19 19 19,18.2222222222
ort1Ds-iotou2OV6jXlfZKk_RL0E,12 16 14 14 12 16 12 12 12 16 37 12 16,14.0
ort1Ds-JhaKxjhjPm-udRpiuQWbg,45 43 33 43 43 45 46 45 43 45 43 43 43,41.5
ort1Ds-kzNMz78wH1xMIBcNkvMRQ,9 9 9 9 9 16 9 9 9 9 9 9 9 9 9,9.0
ort1Ds-lGvDEz3Pm5bjeSQlZwI_Y,25 14 14 1 14 29 3 32 29,17.75
ort1Ds-nfMgczQMQdZOp4AWCkcgw,43 6 43 6 6 32 44 20 47 23 6 6 6 39 44 44,10.7142857143
ort1Ds-sm-7GLRzzueWaiZVX4Sik,35 42 35 35 35 40 33 38 8 33 44 33 8,36.0
ort1Ds-veE5f8sNOXV0dpvT_VVbU,44 44 44 44 44 44 44 44 44 44 44 44,44.0
ort1Ds-Xc9SXqhJ4x_OvEwOvp9t0,26 4 4,9.0
ort1Ds-Y2skVn8FW0H0m0gOySwvY,9 9 9 9 9 22 9 9 9 9 9 9 9 22 9 9 22 22,9.9
ort1Ds-y43ZUhDpxjGZFQp-9Nnqo,24 15 15 15 15 15 15 25 15 34 39 30 17 9,15.0
ort1Ds-YaUOKK3rFIh58eaHCgpwM,0.0,0.0
ort1Ds-_BuJ1nDaHYwdErob032Do,32 32 32 32 32 32 32 32 32 32 17,32.0
ort1Ds0-_ellyV9nee8u5cUnQ0vo,27 27 27 27 11 27 27 29 29 29 29 29 29,23.3333333333
ort1Ds00NR9QBYADheC2dECRwJRQ,2 14 14 4 14 14 14 14 14 14 17 14 39 14 17,17.6666666667
ort1Ds00YRWT1ccKKBCcmO9mc4mk,11 15 15 15 15 15 15 15 15 17 17 17 17 17 17 17 17 17,
ort1Ds04abEwEb5cdfEuXP4IbALE,8 8 8 8 8 51 8 8 8 8 8 8 46,23.3333333333
ort1Ds06Pz8T3cz0Lk1UTCbmFhsc,16 16 16 16 16 16 16 16 16 16 16,16.0
ort1Ds0BpBNUJdidcp9uCXRPSxo8,17 16 16 16 38 16 30 16,16.8
ort1Ds0CIO64odiZUAlcREHa7sK8,48 44 15 48 44 47 3 3 3 3 3,37.2
ort1Ds0dJkHu1yfpQHrOFXRhy83E,3 3 3 3 3 3 3 3 3 3 3 3 3 3 3 3 3 3 3 3 3 3,7.4
ort1Ds0h-LhGIAC7jfiEBImMFLII,26 15 22 26 10 28 12 23,18.0
ort1Ds0JscAuj9NYReP_ydvLo8fQ,0.0,0.0
ort1Ds0LihCGAIoGa4nBdP4MFC4A,25 17 22 2 25 18 17 18 5 22 47 19 6 6,17.375
ort1Ds0MvW_1_ETsaGSjjnVOOiU4,0.0,0.0
ort1Ds0nvGsCPkWE4ufLO1k27PMA,29 17 39 20 20 20 20 20 20 20 20 20,20.0
ort1Ds0PJZa39HWaMaxHhqwafjmg,35 35 35 35 35 35 35 35 35 43 35 38 38 10 38 38 38 10 38 38 38 7 24 26 38,34.9
ort1Ds0pWgApr536KCxtZFu5yDW0,24 35 24 10 6 23 12 10 37 16 20 12 12 24 30 12 4,19.5
ort1Ds0QzBVgXTiBqOhiO9sWdMhg,13 13 13 13 13 13 13 18 23 18 34 42 28,23.6666666667
ort1Ds0VaKHDTSIkT3uccj0PBWw4,14 16 16 5 16 16 16 16 16 16 16 16 16,12.75
ort1Ds0yIYv2BFX694s-0FfFBcTg,0.0,0.0
ort1Ds0ZaPYQyTotkHGtfH5AYPwM,16 19,7.5
ort1Ds10zRMiXp9mDKDphkgPq1kQ,3,18.5
ort1Ds14O9zsuhFMHNtSLTmYKULk,17 30,
ort1Ds14of_1DP9RIJ3VlVgZz9rc,41 21 23 19 14,13.6666666667
ort1Ds15P2cFaB_DdfCWlPBnOLMc,1 16 16 16 16 16 16 24 16 16 3 16 16 16 16 16 16 16 16 36,16.0
ort1Ds166tNPvM5_aCmWejfFY-9w,7 7 7 7 7 7 7 7 7 7 7 7 7 7 13,7.0
ort1Ds1F3vksXUKJTI7rUfTUk39I,19 19 19,19.0
ort1Ds1hB23VttyayhVSoXWoISiI,16 16 16 16 16 16 16 16 16 16 16 16 16 20 20 20 20,17.0
ort1Ds1nJ7LDkJ5REb-I83wydQVk,20 20 20 20 20 20 20 20 20 20 20 20 20 20 20 20,20.0
ort1Ds1pl8FTvTDvqqBVd8R-nafc,12 9 9 9 9 9 9 9 9 9 9 9 9 9 9,12.8333333333
ort1Ds1PToKSWEpxYHFRkfhA0hMQ,0.0,0.0
ort1Ds1qa4KYQSeMR-mjc45KKpXs,42 2 7 7 7 7 7 7 7 7 7 7 2 7 7 7 7 7 7 7 7 7 2 9 7 7 7,7.0
ort1Ds1r2VL88u99D0mMVqmNnFEQ,48 19 44 48 31 35 18 18 60 39 18 42 24 18 24 18 18 34 31 29 38 38,31.6666666667
ort1Ds1SrXAwvoDVRYeyBmrozpvY,31 31 31 31 31 31 31 31 52 31 31 31,31.25
ort1Ds1uBRTixsiXiAJAKGygA7Z4,0.0,0.0
ort1Ds1Y83yogJM7lsbZ70O_MPYs,36 36 36 36 36 2 51 40 20 8 40 21 76 2,21.0
ort1Ds2-uxj_0nDVz4U5yE42agbQ,26 22 22 19 22 41 38 38 22 22 22 32 38 44,27.1111111111
ort1Ds20mEZ7fkZMVOeOfBcWi3UM,56 56 5 26 36,40.5
ort1Ds20N6kFWD1piqA4OuQ3VNHI,23 23 23 23 23 23 23 23 23 23 23 23 23 23 47 23,24.75
ort1Ds213DpqbO7jgB6pKpxFwfyc,16 12 21 14 46 16 21 14 29 12,17.3333333333
ort1Ds22zM3PLM_i1OnUmvUkMrwQ,19 48 19 19 19 48 53 25 35 19 35 19 19,38.4
ort1Ds24ryNqCMiGuZI5xC4VBHkg,19,
ort1Ds2AU2eRwXnudr3vr0pFQCHU,1 18 18 1 18 18,13.0
ort1Ds2B4VHz0za373HXtuu63zqs,20 20 22 22 43 33 35 30 22 35 19 40,30.1666666667
ort1Ds2BoWHbpiic7Eo0gPYxmVLg,16 16 16 16 47 16 16 16 16 16 16 14 16 16 16 16 16 16 16 16 16,16.0
ort1Ds2dbTvtTde4kHKQ7ICYNquM,22,22.0
ort1Ds2e5J77yNPGM6wfGdS9d1Ec,20 6 22 20 6 17 29 6 20 6,22.8333333333
ort1Ds2ffi6-BdmWXQBs4WiSxfgw,0.0,0.0
ort1Ds2hPw88klTNvH19l3sxmsmU,11,
ort1Ds2hXnVRe8IcxRJ00glrN9zE,31 31 21 14 14 31 14 21 31 31 21 18 29 21 21 31 30 21,20.8333333333
ort1Ds2oHTU6KfvknOizX6djGdbw,36 36 36 27 36 36 36 36 38 36 36 36 27 36 31 36 36 27 36 27,33.6666666667
ort1Ds2TPdVc19xG8OxbXZXZoKZ0,9 14,
ort1Ds31M_26MRuCurnEnzmKxDFw,17 4,
ort1Ds36Wf5fmKpD5gfHJpi61mII,5 18 5 18 5 5 28 5 5 5 5 5 5 5,18.5
ort1Ds37PsLS3uh7cP1OVltZos2o,0.0,0.0
ort1Ds390xHuaF5sHJrtEzIo1k3M,32,12.0
ort1Ds3aVIIPXIJaLwHA81HCio2M,32 32 32,
ort1Ds3AZcEG1xQurYiu1kMWzwiA,20 17 17 10 19 12 12 17 17,20.25
ort1Ds3bhwPJaVZzcPz14CpSMFX4,16 23 23 23 23 16 16 16 25 16 16 2 16 16 16 16,14.6
ort1Ds3fVZDMi-q-4CVOxYLL-zxA,0.0,0.0
ort1Ds3ilyi3uq8Zpjv-ilAp2TS0,38 34 27 17 38 38,21.5
ort1Ds3Iu_Ac1Vsik3AcGnGqEMcs,47 47 47 47 47 47 47 47 47 47 47 47 47 47,36.5
ort1Ds3J9OcTEecAlwsI2ZqDc9bY,0.0,0.0
ort1Ds3khsys_VnhMqTpzLOXtJUQ,11 11 11 11 11 11 11 11 11 18 11 11 11 11 11 11 11 11 11 21 19,14.25
ort1Ds3mKHFNN5-dI3cEZam3Y4JA,19 19 19 19 19 19 19 19,19.0
ort1Ds3NrVy0s9ps5hbZ-hv7Q5R4,27,16.0
ort1Ds3qeW8J5WaP73eJ3DNeR0_U,25 25 25 25 25 25 30 30 30 30 30 30 30 30 30 30 30 30 30 30 30,27.1428571429
ort1Ds3SXjQBKQOKKpyam6i7XaAc,17 17 17 17 16 16 16 16 16 16,13.6666666667
ort1Ds3tYA-mWKVW97U4dcV9s7t8,42 35 39 27 35 35 35 35 27 35 27 34 33 33 33 33 33 33 4 4,26.75
ort1Ds3UojE_p1rKa8twgwplt6PE,4 4 4 4 4 4 4 4 4 4 4 4 4 4 4 4 4 4,8.18181818182
ort1Ds3W0BJ7iYFsiyBHcMJWAZpo,5 30 30 7 30 30 5 30 30 22 30 30 30 30 39 39,34.6666666667
ort1Ds3xN5KkEvQBUSv1d6uXZgk0,0.0,0.0
ort1Ds3zWZM6Oc5m4zaKgI6s_K5c,37 11 14 19 11 11 37 4 24 12 12,32.1666666667
ort1Ds3__AEA66jH0Hf_vPn50Yyw,14 14 14 14 17 17 16 18 17 16 16 16 16 16 16 45 16,15.8
ort1Ds4-RDUewS_tS2L0-9KEYTQ4,5 5 5 5 5 5 5 5 14 14 5 5 5,5.0
ort1Ds400dMpyYaDqKowza8Qm8sQ,5 5 5 5 5 5 5 5 5 5 5 5 5 27 5 5 5,5.0
ort1Ds48sYNn8RlXeTToAu0DSsMw,20 14 14 33 14 14 14 14 14 14 14 14 14 14 14 14 21 12,16.6666666667
ort1Ds4aJFyrFObdHQb3JT0QQYZ4,0.0,0.0
ort1Ds4B-4gd0zhlF_-2P19F79MM,23 10 16 8,8.66666666667
ort1Ds4EH7f8-0A05TkpKVVEyUB8,25 25 23 26 22 26 22 22,26.625
ort1Ds4Gr_zJWJ_dKyPYr3x9SI6Q,16 16 16 16 37 16 16 16 37 16 16 16 16,19.1666666667
ort1Ds4gyOwQbU4A_nbYfFJBiB-I,30 30 30 35 35 37 30 22 22 30 1 13 33,27.3333333333
ort1Ds4hADpfrImvsXDfaczjbTR8,11 36 8,
ort1Ds4i-UYEBiW0jUkhiEfizW9U,7 14 15 15 15 15 15 15 15 15 15 17 15 15 15 15,17.0
ort1Ds4JFFnqi_L48KEO1locjMtE,14 14 14 14 14 14 14 14 14 14 14,14.0
ort1Ds4LM43U-lR4D9SSy54DZAUE,4 4 4 1 11 4 4,31.0
ort1Ds4NKXBy5xSX6vvoQxSsyTAc,3 3 3 3 14 10 3 4,6.92857142857
ort1Ds4uYXXJBLg-kbjNKRY30qOg,14 14 14 14 14 14 14 21 22 22 14 14 16 22 14,14.8571428571
ort1Ds4VxjafUyC967GrMFJ7sRw8,0.0,0.0
ort1Ds4wC0k6blNR53EhOVtSeQHg,29 21 28 46,21.25
ort1Ds4xWVnJp-Wyu1C0E-iRczFQ,14 14 14 14,
ort1Ds54vBaTWZZVo3Xoyl_nI2sI,15 31 31 31 31 16 24 31 31 31 31 31 31 31 31 31 31 31,26.8333333333
ort1Ds57_DIbN1_dJFmbK9f8nPDw,7 7 7 37 7 53 7 9 7 6 8 6 6,10.5714285714
ort1Ds58kfcbPTfsYY2lFRvgaZg8,19 19 10 19 19 19 19 37 19 19 19 19 19,15.5
ort1Ds5coP5LnIti9XCJueeO1_No,1 1 23 32 1 1 1 2,8.375
ort1Ds5FfTmWE76FAvrpt2-1gyEI,11 16 16 16 16 16 16 17 16 16 2 16 16 16 16 16 16,16.0
ort1Ds5FK--XsVsBx7-8C1b2DiwI,16 16 16 16 33 16 16 16 16 16 16 16 16 16 16,16.0
ort1Ds5GHFCpZ9mhLpT-3yeHqrME,12 9,
ort1Ds5gpL78_9UyGtjr9zCap6Qs,14 14,
ort1Ds5mFeUMwZpGOx9med97oatA,14 15 14 38 17 28 21 21 33 25,39.5
ort1Ds5PgIzQAMJKbQCRlG5Y1bvY,17 17 17 37 18 17 16 16 16 16 16 16 16 16 16 48 63 16,16.25
ort1Ds5Q2faRCb9Jmd0uSUr1L_dk,11 11 11 20 11 11 11 11 11 11 11 11 11 11 11 11 11 11 11,13.8461538462
ort1Ds5xkO41p4GUpWvOOETpmDb8,5 5 5 5 5 49 21 53 27 53 53 42,35.7777777778
ort1Ds61t4--mWrto2p4RvaagA6s,18 18 18 18 18 18 18 18 18 18 18 18 18,18.0
ort1Ds67twuBstUofOmubYf3XGn8,43 43 43 29 14 49 29 29 16 44 49 32 32 32 32 32,25.0
ort1Ds6aDJyE7zZSR1SufJNTJnBs,75 32 6 51 51 37 72 6 37 51 6 40 51,26.5
ort1Ds6AYbQ2j4mA-ux-ZRTnH8pg,43 52,
ort1Ds6bjymaM8EtgIeW_lTShYzk,24 22 24 9 18 24 22 16 22 8 5 22 29 29,22.2
ort1Ds6ED-VQ0bZkjp68P-5jnT-Y,48 44 5 27 31 14 38 14 40 40 14 38,38.3333333333
ort1Ds6EMjyRd9LhszKhYw-A1kPY,32 32 32 32,
ort1Ds6EZbyx3CgeMfsOuv7kJkSI,9 40 36 40 5 5 5 4 5 5 4 5,7.5
ort1Ds6njJ4blIXZKIaxu8RGNtZU,26 26 26 26 26 26 26 26 26 26 26 26 29 26 26 26 26 26,26.0
ort1Ds6OFlR5SmZdydmHlhvIC1cA,12 12 15 6 12 12 14 15 6 12 4 12 12 12 14 15 15 12 6 12 32 3 3,14.8571428571
ort1Ds6SemGpKpq_GV97oqJZ3XUE,52 49 34 34 10 27 38 27 33 12,25.5
ort1Ds6vbM9wO3aS9P5cEhwDTuqM,1 17 31 31 29 16 5 29 29 29 1 29,24.75
ort1Ds6WClS4H9-IuaS-axUIEEv8,27 13 27 27 27 13 27 27 27 27 27 27 28 28 28 28,23.75
ort1Ds6xCG3Zv-Qf4VCMsLk7amtk,17 17 17 17 17 17 17 17 17 8,17.0
ort1Ds6YONVfRi3LkcpB0Y0iJ9vs,5 35,
ort1Ds6ZBkv-zDjqmjT5gKhm81y8,3 29 18 34 15 21 48 35 24 35 17 35 36 52 24,17.0
ort1Ds7--2ZaE-BQwOBIQKGLnSes,12 12 12 12 12 12 12 12 12 12,12.0
ort1Ds7-pH4VUwtpPcxF_RqiENzo,8 8 8 3 8 8 8 8 8 8 8 4 8,6.5
ort1Ds712Ntd_M4x_fVz0agNtQTg,14 14 14 14 14 14 14 14 14 14 14 14 14,16.5714285714
ort1Ds74ySSwjIBcAhQtaWMnw9jM,10 10 10 10 10 10 10 10 10 43 10 10,10.625
ort1Ds75ofo7qwZFeIQkCxKyUtxs,0.0,0.0
ort1Ds76zzeM2AkXM-6Wpbi7GUkk,19 15 19 15 15 15 15 15 19 19 19 19 15 19 15 19,16.0
ort1Ds79i1n0kELLxTk2u0bdkaZo,36 41 28 28 28 28 11 11,32.0
ort1Ds79LGwb7thlwnDHGJJVstzQ,10 17,13.0
ort1Ds7ByNk8nSeZV5faKAOSklck,25 25 25 25 25 25 25 25 25 25 25 25 25 25 25 47 26 26 26 26 26 26 26 26 26 26 26 26 26 26 26,25.5
ort1Ds7Ec8P47jxt0DZ03pR5Gziw,14 14 17 14 14 14 14 14 14 14 14 14 14 3 14 14 14 14 3,11.75
ort1Ds7I9HVPbeSKJsMCV6BTYllM,8 8 8 8 8 8 8 8 8 8 8 8 8 8 8 8 8,8.0
ort1Ds7KbAQTwq2hgNAdGzJyLILQ,6 18 6 6 6 6 23 6,13.3333333333
ort1Ds7LulegpgSLRRaQ3vOZZNKM,14 48 39 39 34 48 48 48 44 20 30 44 51 17,32.3333333333
ort1Ds7SBQRo7KiSWzIFG9PnoZQ0,3 34 3 21 3 21 21 12 21 19 26,22.2222222222
ort1Ds7ttfgDwFGyEeItdYKqupdU,11 11 11 11 14 6 11 32 11 11 11 11 11 11 11 11,11.0
ort1Ds7wLEJokSKyfpBnmppnGBJ8,9 9 9 9 9 9 9 9 9 9 9 9 9 9 9 9 9 9 9 9 9 9 9 9 9 9 9 9,9.0
ort1Ds7X1ewjDnPrcmjYtq5pSYIo,27,
ort1Ds7Y9YJ-TcYd6T_gc2mR3RlQ,13 13 13 35 14 14 14 2 2 14 14 14 14 14 14,13.75
ort1Ds7zHLBbu8mZbPlKQEIH3YJA,35,
ort1Ds7zt2SxdzWLlRYYjB1_oOms,0.0,0.0
ort1Ds84M5h6YGO3KsG77PRQ22Dk,10 15 15 15 15 15 15 15 15 15 15 15 15,15.0
ort1Ds84Up58wv3gXcimiD0rdEFw,2 2 2 2 2 2 2 14 16 16 16 16 2 2,12.5
ort1Ds8aR_YLf2MyUL-awMyB9cOw,20 5 5 5 5 5 5 5 5 5 5 5 5 22 5,23.0
ort1Ds8C-dnpOTmc17ZHzkAXh8ls,23 21 23 23 23 23 23 23 23 23 23 23,23.3333333333
ort1Ds8CNfrEUyMrDY9EqPMZ0S04,13 13 13 13 13 13 13 13 13 13 13 13,13.0
ort1Ds8ddDI4LE8q2vII00XsI8Qw,30,
ort1Ds8EcAi5jZkoUNIPlv8m7nJk,5 5 3 14 1 1 10 4 10 4,6.85714285714
ort1Ds8EQISaTNzhPMzdoaBiAgmA,5 19 5 19 19 19 19 19 19,19.0
ort1Ds8Jz1s8zlpac9qrilCBBv-0,39,
ort1Ds8kcZu-KSy-kBwn_EeqP97Q,24 22 42 52 19 19 52 5 34 34 28 40 43 33,61.75
ort1Ds8KxIMfFeDE6QuaLMr3sofc,17 17 17 17 17 17 17 17 17 17 17 17 17 17,17.0
ort1Ds8o51UUdGAE5GovGWAQojhk,29 27 27 27 11 27,9.0
ort1Ds8oopntJ6vuungUcqEcjLc8,37 20 37 37 50 37 37 23 21 23,26.6666666667
ort1Ds8RoKZo9Lb2lmoUebsztPnQ,9 9 7 5 12 12 12 12 12 12 14 12 12 12 12 12 12 12 12 22 10 10 36,12.0
ort1Ds8VcQXC18WFSNIW9WBACk9Y,3 3 10 10 4 4 19 10 10,6.83333333333
ort1Ds8WGjiSW3QwlJ8_jCGqpI7o,18 7 7 7 10 7 7 7 7 7 7 7 7 7 10,11.6
ort1Ds8Xt1ssW17g24cJ62k2Vxm0,0.0,0.0
ort1Ds8yXWJAk4oZ5EU9Z2Gj9JJM,3 3 3 3 3 3 3 3 3 3 3,3.0
ort1Ds9-JLvB9JRndOFfxVn_9WgE,17 23 31 23 9 11 17 25 17 11 17 11 28,12.25
ort1Ds91Ytn8pDmSNuexyfw1aiBg,43 5 32 19 12 12 22 14 11 11 11 32 32 46 13,25.375
ort1Ds941EwERq0VKbdV_XshIIJI,27 27 27 27 27 27 29 16 29 33 13 29 6 13 29,24.4
ort1Ds96O94J0itzC7zLE4bmSztg,12 35 20 31 33 12 16 16,8.2
ort1Ds9a3-2NdOmpV4M-VNlahVYc,50 50 50 50 50 50 50 50 50 55 50 55 50 50 50 50 50 50 50 50 50 50,48.3333333333
ort1Ds9coxz1IYbWnD9XQMESZUpk,43 31 41 33 58 33 43 41 43 43 43 31 43 47 43 43 43 43 43 43,43.2
ort1Ds9gAiOaDorRCfYFmWyjyrn0,39 21 21 21 25 23 33 23 21 21 16 17 17 2 26 2,24.75
ort1Ds9h6Wq4yLfOplb_hqc87vDs,30 2 9 9 9 9 22 9 17 9 22 2 11 9 36 2 9,12.5714285714
ort1Ds9IFzh2R5dgVtfCqnVMqrZk,11 11 11,11.0
ort1Ds9iMTYOc18KE7nEuO3_8-VY,9 5 5 5 28 65 14 5 5 5 71 5 71 63 63,20.0
ort1Ds9Juh0_WlKAya2HGg1mBJo8,27 11 11 51 11 11 11 42 42 42 11 11 11 11 11 11 11,19.2
ort1Ds9k7-AUzixGB8s_Iy8Ej24c,24 24 21 11 25 6 26 10 21 25 25 33,19.2
ort1Ds9M-hIhMklBwutvmTBmAVFc,16 16 16 16 16 16 16 16 16 16 16 16 16 16 16 16 8 8 16 16 16 16 16 16 16 16 16 16 16 16 16 16,15.4666666667
ort1Ds9NxvkqjyeITzolm9rljEjc,45 26 20 49 46 13 41 19 20 14 19 2 19 24 24 57 35 30 28 36,49.4
ort1Ds9OW1xk81haRAKMUdq85i7g,0.0,0.0
ort1Ds9PzJuh9PD-8ubYwbCtqSDM,7,
ort1Ds9RmiJrcsw5Puc43FJSP4ag,20 25 34 16 32 29 14,20.5
ort1Ds9sKTEHl2xe_ep4i0bTuHyU,40 39 53 40 5 40 53 53 53 53 53 53,36.25
ort1Ds9SobYgK4N94JM8qmy8JMRM,30 39 54 54 17 17,36.0
ort1Ds9szF5yY81O1lz0jQwJF3c8,25 25 25 25 25 25 25 25 25 15 15 15 15 15 15 15 15 15 15 15 15 15,20.0
ort1Ds9uFxY9mupVyqG0IaAQdibs,3 23 21 21 25 48 25 21 48 28 48 21 34 22 4,17.5
ort1Ds9vr4jnGRUr9PJ6Du2Izgbk,1 8 8 8 22 8 8 1 8 20 3 26,16.6
ort1Ds9vvxOl85aaevbpiOSB4Dqk,25 7 47 28 40 24 38 38 35 6 2,14.5
ort1Ds9WegxOThThQgX3epXtiuyc,26 31 59 31 19 31 31 18 18 32,38.5
ort1Ds9_Tv_gB19XR9knL7BF8qeU,5 5 5 5 5 5 5 5 5 5 5 5 5 5 5,5.0
ort1Dsw7pPf_J5CEQm9owNFV1zds,19 17 13,28.0
ort1Dswa0Dsi_2uxBQVYnv1WdzzY,5 5 5 5 5 5 5 5 5 5 5 5 5 5 5 10 5 5 5 5 5,5.0
ort1DsweDD04XJOrYY7ZjUxC4SQM,20 20 20 20 20 21 21 46 2 9 21 21 12,20.5
ort1DswHgkdI6BOsok8wv7cqmR4w,27 1 21 27 27 34 27 27 27 27 27 15 15 26 19 45 17 17 17 17 17 17 17 17 17 2,23.7142857143
ort1DswIhd-75_XM-pMAtzgjIchE,48 52 13,52.0
ort1DswLb0LaBCF_nsJmuhqX_lQo,0.0,0.0
ort1Dswln_jV2-XFmmB0ne9Zwl8A,39 39 39 45 39 47 53 39 31 47,43.0
ort1DswlWr6Z3ACR3lFG0N-BRa3Q,5,5.0
ort1DswO0gqd1Dekq1x2FP7G7H0Q,16 16 16 16 16 16 18 16 16 16 16 16 16,16.0
ort1DswoxDq_C8g-Nb6Map2KHgYw,19 12 9 9 9 9 10 10 10 10 10 10 11,15.0
ort1DswPbipiLYGNPIp7D0IJjuuo,3 34 3 27 10 10 3 34 4 4 5 4 10,10.0
ort1DswrDk6JHCTYJFgPd8MNu__w,25 21 32 21 30 30 30 30 30 30 30 30 7,40.3333333333
ort1DswreZy018mVVKOLzMTN1GKE,14 14,17.0
ort1Dsws-4mDsdemJ3SQXSp0tm88,27 27,
ort1DswSdbzEZhSlrzuMZrn1QiWI,65 65 65 43 65 65 30 63 41 63 25 63 63 10 26,57.8571428571
ort1DswtHh-k0-9KU5R1FyrDaF4g,22 22 22 22 22 22 22 21 21 21 21 14 21 21,21.5
ort1DswUDjvypIoofTj6EumuGGlo,29 29 29 29 29 29 29 27 29 26 29 26 29 27 29 27 29 29 29 29 29 29,28.7777777778
ort1DswW9E42OnrfbSpW3_sQGe_U,0.0,0.0
ort1DswYPsjee7xoxECTjA5oEJIU,23 23 23,23.0
ort1DswZvk6iuHNqqFbNMK34FEkM,39 27 27 27 27 27 27 27 47 27 27 29 29 29 37 33 16 29 22 29 22 29 29 29 29,29.25
ort1Dsx-pIgfEnaRTWjDl8N8qc_M,9 18 11 25 27 9 9 9 11 9 11 11 9 7 11,12.7777777778
ort1Dsx3Q5jJnqP1SzVxAw646zlw,19 19 19 19 19 19 19 19 19,19.0
ort1DsxbY-KY6F6-Keo9Elvl087U,16 22 22 16 16 16 26 16 16 18 16,16.0
ort1DsxDCdxifDxw_ntrV9lqThjQ,27 30 30 30 30 30 19 30 30 30 30 11,23.4
ort1DsxdOfFyI1phxiGy1Kb-bZGw,26 26 26 26 26 26 26 26 26 26 26 26 26,26.0
ort1DsxDZ_N42zW3hyRj1gZ6day4,43 43 43 43 43 43 43 33 41 41 41 41,35.2
ort1DsxF4KpfXl3t4KFX9rQJT1qQ,20 20 20 20 20 20 20 20 20 20 20 20 20,20.0
ort1DsxGrigCSme5HjM3K67e8SOg,30 11 2 2 2 2 2 2 27 10 2 2 2,6.875
ort1Dsxl0CWBYktGX0757K9Jbq5Y,7 5 7 7 7 7 7 7 7 7 7 7 7 7 7 7 7 7 7 7 7 7 19 7 7 7,6.77777777778
ort1DsxO95Z7cDehbp7NbwZ6onN0,43 43 25 43 39 44 24 30 44 44 39,37.4285714286
ort1Dsxqxd5Cik2ROUeEPhZPBjO4,33 6 6 33 6 30 6 6 14 6 14 6,15.375
ort1DsxtL9EMmOHTo0DpuWUCdZcw,19 19 19 19 19 19 20 20 19 19 19 18 18 18 18 18 18 18 18 18 18,18.75
ort1DsxUA7FH3NG9UQyllQrk9mS0,31 31 31 31,31.0
ort1DsxWVAf07tI0-SPG1BVAXYw8,2 2 2 2 2 2 2 2 2 2,2.0
ort1DsxzCPLn-PLdySFpsU3AgZ8c,6 6 6 6 3 6 6 6 4,4.77777777778
ort1DsxzIwjseI3iPHPoUS_wIriw,22 51 23 23 23 23 30 23 23 23 23 21 21 23 23,35.0
ort1Dsy1giAohXJxDlShwAisByMU,13 13 13 13 13 17 4 16 12 21 12 12 21 10 12 4 12 17,14.4
ort1Dsy7uF5W5xMmqwpVQPDldaN4,20,
ort1Dsy8H0yevspczWwcXz6DzaEY,7 21,16.0
ort1Dsy8ld7p8P6laY4EA4vLBc1E,16 15 16 16 8 16,16.0
ort1DsycCQMUsP7QRbJW7p7TsS80,5 58 5 33 40 33 5 5 5 56 5 5 5 5 5 5 5 5 5 5,5.0
ort1Dsye17ztf3aBaQMZjUfxrQJs,11 14 18 18 18,16.0
ort1Dsyf8mN08wFEL7K3SHdc2d1A,62 37 61 34 34 40 27 39 5 5 19 36,5.0
ort1Dsyg7TvGjYsjKhlqFReFZLt4,22 22 22 22 34 22 22 22 22 22 22 22 22 24 21 21 21 21 9 21 21 21 21,27.8
ort1DsyIZO1wIbnZmZ6nSpLw_RdE,29 29 30 29 29 29 29 29 29 30 29 32 32 32 32 32 32 32 32 32 32,30.6666666667
ort1DsyKZMRWwVkwS6Kp7vwVPIcE,37 57 30 57 62 33,26.8571428571
ort1DsyL3zJ81FY7DA_j1JEdl59w,21 18 21 21 21 45 2 23 21 21 21 21,26.4
ort1DsymbSilPQK9JHgENWEakiTI,3 3 3 3 3 3 3 3 3 3 3 3 3 3 3 4 4 4 4 4 4 4,7.0625
ort1DsynJ1R4s05inrqlAFP4H0QA,42 31 9 14,22.25
ort1DsyOeMtAzq6HtsyYfik1QjLY,33 33 33 33 33 33 33 37 37 37 37 37,33.0
ort1Dsyr3sOeljfMQ2Cch1i5DXZI,8 8 8 8 8 8 8 8 8 8 8 8 8 43 46 8 4 4 4,44.0
ort1Dsyvr0oVsi7jRQyJzTPQ7ZaY,22 22 22 22 22 22 22 22 22 22 62 22 22 22 22 26 22 22 22 22 4,22.0
ort1Dsyxq88u9odYcg9PTEmXs48Y,9 9 9 9 9 9 9 9 9 9,9.71428571429
ort1DsyyOFhPZg93q9H5VCMxl4uU,0.0,0.0
ort1DsyZI7p202E9tYEzTUaUoFNk,0.0,0.0
ort1Dsz-DJKWg_ACOj7bTotKSZ3g,3 31 28 43 45 49 25 28 45 25 3 8 26 26 26 26 26,27.3333333333
ort1Dsz1ftRJju654cS07NoDauc0,49 25 25 8 3 25 25 25 25 20 20 26 26,25.3333333333
ort1Dsz4PxsXhyOr3xEG7IghbZQg,35 35 30 33 18 35 29 20 35 35 23 35 35 35 35 18 30 18 27 35 35 35 35 35 20,33.1
ort1Dsz6XCkv413bfF5slUmZLLFc,23 18 32 18 18 18 15 4 4,25.1428571429
ort1DszahgxL5ImNKNQajlS_7Q5Q,35 35 35 35 11 35 35 22 35 1 35 35 35 35 35 35 14 17,35.5
ort1Dszd6UZn4EoDxmDm633MN5R4,12 28,
ort1DszL4uld8D8vMX4Rqn6z6rvM,30 30 30 35 35 40 33 27 27 9,33.2857142857
ort1DszqALBZ4JlMq-u6eyzKZnvg,22 22 22 22 22 22 22 22 22 22 22 22 22 22 22 22,37.5
ort1Dszu1xf6fGpib0fBKhQzhcW0,19 11 11 11 11 11 11 11 11 11 11 11,11.0
ort1DszuGRtIGzPlJhNimcWG2Lo4,26 26 26 26 26 26 26 26 26 26 26 26 26 26 26 28 26 28 28 28 28 28 28 28 28 28 28 28 28 28,27.0769230769
ort1DszxQEihTPYdsW89bXRu1Wds,1 1 1 3 3 3 6 3 3 3 6 3 3 3 6 3 3 3 3 3 3 1 1 6 1 1 3 1 1 1 3 3 1 22 3,3.0
ort1Dszy3XjNZjqkULAzD4-ORD30,6 7 7 7,9.0
ort1DszYBsFOMeQXCjyt4U78wqBY,32 15 24,24.0
ort1Ds_AiD6ipLRgTxZT7GLtMpmw,24 11 11 18 11 11 11 11 11 11 11 28 11 9 9 9 9 9 9 9 9 9,10.0
ort1Ds_DBMJXt47PLM4gCSWJIvKY,8 8 4 34 8 4 4 4 4 8 32 5 20 4 4 12,16.5
ort1Ds_Er3SUJY2VnQ6dmMKWehfI,5 5 5 5 5 5 5 5 5 5 5 5 5 5 5 5,5.0
ort1Ds_eVAqjeoxsvtYTVI6x-e4w,16 16 6 6 30 13 10 27 21 24 29 29,17.75
ort1Ds_FicxQfsXKbaGWfQgnJek4,8 8 8 8 8 8 8 8 8 8 8 8 8 8 8 8 8 8,10.0
ort1Ds_hsbHqDO2TcuX2h87B3KfE,37 37 37 37 37 37 37 37 35 35 35 35 35 35 35 35,36.1428571429
ort1Ds_HTEceDWh6tg6vt8ungzlw,25 25 45 25 25 25 25 25 25 25 26 26 26 22 26 26 26 26 26 26 26 26,
ort1Ds_ISHVxyRT-EdZ35Su4Kqj8,36 36 36 36 36 36 36 36 36 4 36 36 36 36 4 36,32.0
ort1Ds_IYs0HQ-e7-lp3-Qv1ct_k,0.0,0.0
ort1Ds_j1QfIWBYUCsWJgL1UfsDY,18 18 18 18 18 18 18 18 18 18 16 16 21 16 16,18.2
ort1Ds_ja4aGD5i2szO9S8U8h4nA,43 43 43 43 42 42 42 14 42 36 9 31 36 40,37.7142857143
ort1Ds_jaUu0tEYKg3u1QSfrG9eM,5 15,
ort1Ds_o33yoKDZzQUcRkYGUzvhg,30 9 34 42 42 53 34 34 61 56 39 22 43 43 56 56 56 54 17 54,29.6666666667
ort1Ds_oq0BMZMUotkyu8k-wZUok,46 46 46 66 46 46 66 66 66 66 66 66 30,47.1666666667
ort1Ds_OxjHKdZIH1rhvZeFgfBj8,33 6 6 6 57 14 4 4 13 4,21.4285714286
ort1Ds_pKAinG3-sCEZv16CobJVk,29 29 44 44 29 29 29 29 23 23 29 29 23 29 23 29 29 22,32.0
ort1Ds_pWRhWeSa-44gY_5PXAW-8,16 16 16 16 16 16 16 16 16,14.4
ort1Ds_r9rq4HjIGZwH2UonxND00,44 27 27 27 27 27 27 27 27 27 46 36 27 40 27 27,36.0
ort1Ds_RaGppbZRX5fgP3DqnCTm0,44 44 44 44 44 44 44 44 42 42 42,46.2
ort1Ds_rTLFnLcgQsJhzR7Nf4m7w,62 30 30 75 30 30 30 30 30 30 30 30 30 30 27 27 23 27 35 27 27,28.6363636364
ort1Ds_Sx24islCpjkOOWhadt6sc,10 10 19 49 1 10 10 10 17 10 10 26 26,12.8
ort1Ds_T1UoIPDorCjb30b31kIy8,20 42 5 22 30 9 42 30 27,30.5714285714
ort1Ds_W0Jym9k4WisI_HpSCgQ1Q,17 17 17 17 17 17 17 17 17 17 17 17 17 17 16 16 16 16 16 16 16 19 16 16 16 16 16 16 16,15.75
\N,39 33 32 27 9 10 53 38 40 39 20,19.0
